RMSE: 2.8156497018104
R-squared: 0.218365844110571
